,ID,compactness,red_std,green_std,blue_std,lesiontype,flatness,cornerness,edgeness
0,ISIC_0012773,540.161034852445,19.539146795643408,18.664206518368665,13.887091827165456,1,0.7132096478381986,0.14898004123876443,0.10296640380419132
1,ISIC_0012785,416.7341595423535,5.274142752586185,14.633285990746835,21.20678016949541,1,0.7392929037417846,0.13712808224261694,0.08945414446987472
2,ISIC_0012790,408.24957573683344,3.614879783780931,9.245895748869199,9.986425452153009,1,0.584286277918737,0.20324423501939037,0.16302329087450643
3,ISIC_0012792,615.9066245323463,39.20558128748105,36.09617737568064,32.809851142387636,1,0.7374582001047516,0.1192537734363268,0.11319942716288132
4,ISIC_0012800,442.6463870388651,9.405338060562348,23.265818051544116,22.977000610015434,1,0.6668467572132627,0.161516346977024,0.1319784122723802
5,ISIC_0012810,1154.4345726797294,0.8536379385987977,2.5110087558094762,3.294800411904223,1,0.6875305036604392,0.15891106932831942,0.1077009241108933
6,ISIC_0012811,461.6514479701507,15.438675693480478,22.677273795897452,19.369919363651377,1,0.6017573381521754,0.16902502808277872,0.18285995906352256
7,ISIC_0012813,408.23437236630195,3.152140409044289,5.376925414572159,5.685498166132441,1,0.8666650106871758,0.07660072474892568,0.0364878792481473
8,ISIC_0012828,547.0935894212198,11.637702964381491,18.772224857973754,10.1683992577839,1,0.4564656670698327,0.2191226211446941,0.26103342225211784
9,ISIC_0012833,399.4256890712617,6.499327032878761,11.779563305107557,13.429329518191379,1,0.7404194441907892,0.1345995799470368,0.09181157624222185
10,ISIC_0012840,663.0237132583176,19.196446302617023,25.86998978299772,24.42448880438123,1,0.49601529322916615,0.21971245752579122,0.22395912419916192
11,ISIC_0012845,527.1549403958702,22.599296584594498,30.504636455411767,25.094019405482353,1,0.6192314383378079,0.18687906414711095,0.15233939713094136
12,ISIC_0012851,533.8491470131505,5.846876394875632,12.531750134871865,17.099016929889007,1,0.6472151418189707,0.1707070159263879,0.13855897222674163
13,ISIC_0012854,456.9190990421242,5.184646238238876,10.511764173457795,12.709001367990137,1,0.727300287535942,0.12639079884985624,0.11413301662707838
14,ISIC_0012856,582.1521187575036,2.870118459179675,15.128119016979781,17.831855194469785,1,0.5177819159284832,0.2205974024942725,0.20455655391750083
15,ISIC_0012880,772.73141859648,6.284499131953378,10.149286259019679,9.595142721013739,1,0.7658763290621593,0.11874446224100327,0.08742630520719738
16,ISIC_0012884,670.6463950354109,2.957355552368496,8.632512694772466,11.060455462342954,1,0.8654446236077518,0.07749186299979098,0.03676580369673624
17,ISIC_0012889,588.2924453105753,1.2450127443521002,9.349927692816857,8.636211677335494,1,0.8347995028297674,0.09364177195332392,0.047929060726367316
18,ISIC_0012898,392.5682918494244,2.024142773368155,5.853843025569306,6.457377889740197,1,0.5995165894856649,0.19321099024111116,0.15763372742025758
19,ISIC_0012902,419.36371772959984,3.4959857081131127,8.205395214592016,11.320244017471978,1,0.6359527233663914,0.18238753480071682,0.13414944181768784
20,ISIC_0012932,513.3265740837068,5.175159305098567,9.380367481621102,11.347474643947534,1,0.6216498767198272,0.17365760272003777,0.16055357019190725
21,ISIC_0012952,649.3020496406477,2.178125234332313,9.033795742072076,7.559284027690697,1,0.657420135914075,0.16896031559343178,0.13209432410910243
22,ISIC_0012962,401.69316268059544,5.55390466895495,14.905492883904552,18.85648800240258,1,0.7341195759249947,0.1404873929897524,0.09189767955431383
23,ISIC_0012986,400.0585711112106,13.582226946431371,18.723019481383684,20.7864463034915,1,0.6040143898356191,0.18923916170196542,0.15562648811071023
24,ISIC_0012998,416.79336174020324,7.038250899529735,18.37963224046229,21.7721625778723,1,0.6037522584622762,0.19040870674670116,0.15870032453353655
25,ISIC_0013014,512.4509174325757,18.39854909452125,31.352580274633386,31.87252814508181,1,0.3539450008626993,0.20416396217268776,0.36262129141983884
26,ISIC_0013033,794.8704479716354,4.754525845318517,9.132518071624725,11.638453927683841,1,0.8721069066105636,0.07658321707754093,0.03333606229955148
27,ISIC_0013034,495.2224795889404,5.137521448112011,7.635311622167538,9.893187036833334,1,0.7592215788705419,0.1362612961300111,0.07128891995063542
28,ISIC_0013040,627.4870013296667,2.1010407905101895,7.679795035159253,11.481385894596347,1,0.8426936330209448,0.08877741794984993,0.045042028757922056
29,ISIC_0013052,404.8265077233999,1.1136488315014288,4.394579852000542,6.4828237271004445,1,0.8751318553935127,0.07173535410154722,0.03368474704834553
30,ISIC_0013054,583.5955452436696,41.68158173698861,28.624859328896896,17.67880207648628,1,0.5370882326541604,0.2220087963378512,0.18463333632528497
31,ISIC_0013056,416.06511142132155,1.001296984334809,4.888395980747131,6.8583888030880855,1,0.883387145266075,0.06946641220376204,0.03103227408792042
32,ISIC_0013059,561.4163766176785,3.3198973502786973,5.611162530558377,6.8917256914441625,1,0.6610363876263557,0.16388238228893906,0.13007717446386574
33,ISIC_0013063,413.01493801048275,2.9576622421240693,5.822091045818557,7.360684439171653,1,0.6136721213882255,0.18487348306059728,0.15399666432791642
34,ISIC_0013065,645.4116965371999,13.763732945837457,19.424841528327804,22.36772151643705,1,0.5337110600922552,0.2120044091525019,0.19636876803504857
35,ISIC_0013088,448.3713962385633,20.367675526079914,15.244073400326013,10.016621072601582,1,0.7235893071054789,0.14184162410945084,0.10289389067524117
36,ISIC_0013089,405.89418872494224,4.582751702656308,21.429837790219455,24.102622399484435,1,0.4664782696042323,0.2170280586620237,0.2499002209870756
37,ISIC_0013092,428.93392506229986,6.170522209714848,19.265416021753516,22.93685468960279,1,0.8351918041644155,0.08737375836415776,0.055956388623360075
38,ISIC_0013129,383.243583418513,10.128969097110835,16.581767306403258,16.932419127684703,1,0.7671270803211616,0.11080690312855693,0.09375043696882071
39,ISIC_0013134,395.6123238730841,2.19215613980489,7.074503783227471,8.611520298591556,1,0.716210877131684,0.14523537553922028,0.10076733904022146
40,ISIC_0013146,983.2448367095434,9.119800895634912,21.466580340172474,25.443403257444075,1,0.7398196489961534,0.12874308788577915,0.09866791626529473
41,ISIC_0013150,516.8638862559446,1.5642088591042522,6.5020969242814814,11.169351072331809,1,0.7289019786426236,0.14329328263898058,0.09203665729845088
42,ISIC_0013160,440.33231014345745,7.267578281717154,15.850020970245508,17.834998767715252,1,0.6693634207457286,0.1603604791221268,0.13022983361275392
43,ISIC_0013165,676.76249788618,1.5303658935160598,10.468586424344585,10.736889073653005,1,0.6118710138743124,0.18856609039639244,0.15223251871244536
44,ISIC_0013166,611.8204269567411,25.481351965559433,25.248625933227217,23.37771113533881,1,0.5943268236419845,0.17957965528317765,0.17807929544077644
45,ISIC_0013167,610.1262864558945,31.021436911098675,25.70375681356529,22.25800060227865,1,0.771359187834213,0.10902953425019746,0.0932830368543188
46,ISIC_0013174,550.7465418317562,1.8692569880161474,8.999942217145703,9.879818633355667,1,0.8377102456864556,0.09274573171835679,0.047283779624499846
47,ISIC_0013177,433.0581023845583,24.743755519833524,24.139447709215354,24.977618761166603,1,0.6687299749023896,0.1662432532892615,0.1299392680836423
48,ISIC_0013178,646.3892461180386,6.519048135313966,10.724569580703147,12.400998318775333,1,0.7134538635922101,0.1433254496014704,0.11000358713115041
