,ID,compactness,red_std,green_std,blue_std,lesiontype,flatness,cornerness,edgeness
0,ISIC_0013958,544.7028805903491,15.786884554216835,19.683162268729028,24.060681104357393,1,0.6156248412888886,0.15116069481359473,0.19540661413308133
1,ISIC_0013980,600.679029731303,20.362550032633358,18.816630933453165,7.674786984031688,1,0.7436849561790217,0.11518361102947272,0.10922275224379988
2,ISIC_0013981,419.3732351882931,13.37809583334419,14.924048116490281,7.470716705531381,1,0.6081231530009608,0.17844002859575706,0.16866260194068658
3,ISIC_0014028,568.9906694142139,26.87936864030872,30.43190146455697,21.98700954352533,1,0.5108845319416178,0.20845507485844397,0.21981313935290603
4,ISIC_0014029,588.0230478495718,17.548006051534554,22.164805632877997,16.450160101517042,1,0.7288203946420855,0.12715376226826608,0.10870558218966689
5,ISIC_0014031,585.7757863508135,25.16093705264792,23.548977391420305,17.623870187590946,1,0.48547748773413574,0.214632295139736,0.23850668184652085
6,ISIC_0014032,391.3952161193543,15.7826142183832,15.408648470466725,15.001573752429332,1,0.6048836813315455,0.17958623331843432,0.16892546240129408
7,ISIC_0014074,397.9872295544339,9.335816807536391,10.406365874591982,13.530623220649316,1,0.6678761805434845,0.1554333970681963,0.13527724665391969
8,ISIC_0014083,413.4015029689459,1.3945327851476879,6.3690213887275755,8.972916142062207,1,0.7848112724006753,0.11437569653109879,0.07193373491143182
9,ISIC_0014120,687.3097230998343,2.827759336233884,6.994766455572607,6.126115162178385,1,0.66254560692194,0.1577340664269217,0.1385304627230422
10,ISIC_0014169,407.2260213943558,3.6234580551708713,13.233883667564497,12.076258322768577,1,0.6937603837557222,0.15058427924284742,0.12007745235922915
11,ISIC_0014179,648.3541127809167,2.201569535510355,4.721481185203178,5.715331045505807,1,0.5441727045291521,0.1894337347958625,0.21429078270790847
12,ISIC_0014191,482.3063117739006,3.3199915655050463,6.716911271620319,9.124591678127045,1,0.8200723375881461,0.08523036937060091,0.07120220200441618
13,ISIC_0014216,673.6866815701993,23.863400214480126,21.219893159529423,20.571554627601625,1,0.47465938700676324,0.2289394604845805,0.2380355980244048
14,ISIC_0014264,657.0856586923549,1.7311378097939727,5.131527930678627,5.693313272801616,1,0.8108173491504883,0.10189899084065537,0.06111916470505978
15,ISIC_0014272,411.8653275045572,2.4964257184828162,6.545189120231102,7.097624472204111,1,0.7161897311700606,0.1382175844166135,0.11155207542175641
16,ISIC_0014273,690.5550482288968,2.2085737038769744,6.870834471831627,7.48601413283496,1,0.7589532388796988,0.13023730547151105,0.07933633893598237
17,ISIC_0014311,619.221938344102,19.89911881970427,16.395041682330426,14.55184092494723,1,0.5805938977973144,0.17592856103440777,0.19380526260624276
18,ISIC_0014341,511.0361013237314,12.393876061803942,28.061933043464766,27.600464550374618,1,0.656578150933681,0.14615794655915684,0.1553071437961842
19,ISIC_0014393,390.563370100403,2.7225280928187185,8.291456544141303,9.160812670543304,1,0.8120878424614137,0.09525179309121323,0.06715791874699038
20,ISIC_0014397,643.245357621824,22.80187737241477,21.14287876860438,18.807464450880072,1,0.5710162242840433,0.1901846131215063,0.19073400354480155
21,ISIC_0014410,658.0775238913799,7.985997518262291,11.135758294915478,13.30615828528959,1,0.7028403736568151,0.11693156160467515,0.14668623073371576
22,ISIC_0014432,404.8229967236168,5.306098682150167,6.530909412313411,8.084293897306994,1,0.8005273200578782,0.10086583413812578,0.0717529548970924
23,ISIC_0014504,597.7360617707659,3.2381172769941435,7.9988765562004005,8.097723967220526,1,0.7932846143432881,0.10894162115804781,0.07218230370792202
24,ISIC_0014515,606.7634145454132,3.7990213506154014,9.340613604387205,8.401364218680953,1,0.7226986020626488,0.13920174531817198,0.10452939815371301
25,ISIC_0014526,590.0703870527909,1.8353855233155911,7.2478664986279355,9.532285146538822,1,0.6545390645636435,0.17402993360523994,0.12972049731152707
26,ISIC_0014535,557.4303960467424,2.9728926833056644,5.537620420025141,5.085225034176124,1,0.8224749230692396,0.09591124053492328,0.05667021386943477
27,ISIC_0014537,417.5064094022722,3.082948516775273,10.387145468033733,10.262399054481929,1,0.7999309439076535,0.10858995623326728,0.06502132912006285
28,ISIC_0014554,626.9511388687754,1.2854228346256806,5.171553571005324,6.83000678719842,1,0.818404211953696,0.08908442209383098,0.068559154947153
29,ISIC_0014569,626.4295195502709,19.798598601376312,19.664354581980096,22.327910766671515,1,0.7765465388866621,0.12519160927498207,0.07038224683890244
30,ISIC_0014570,1371.9162892291176,22.270905851583542,18.82857683752749,21.887898331597327,1,0.6961774711123965,0.15243289399385754,0.11249294164635237
31,ISIC_0014571,504.4364496597621,10.077693783720719,8.553360230438038,9.9595994031928,1,0.7090577311014952,0.15691649086065385,0.09646745407228322
32,ISIC_0014573,1029.0211586840444,4.273557570219125,6.069104084266681,10.788229166953842,1,0.801559270882311,0.11266442872295059,0.056023312521185746
33,ISIC_0014576,589.592684489447,1.6929401164112912,3.2213809966643137,5.661286493667653,1,0.8622769352113442,0.08477226908183491,0.03106333357131444
34,ISIC_0014577,659.3942331009596,4.013267866407549,4.891605831902568,6.594605184748175,1,0.8018684570507953,0.11447938428253135,0.05510922765700184
35,ISIC_0014578,787.138868928281,3.020292058496662,6.757896989100893,15.555961957999948,1,0.8159691727624077,0.10448820091486179,0.05344417712502253
36,ISIC_0014579,639.3143101867176,22.986453711026957,25.626356302363387,32.66001457945335,1,0.7431474064880643,0.13231664652722971,0.09344480429815973
37,ISIC_0014580,544.1687442207502,11.974257645161652,14.83321852876956,21.497311871694443,1,0.7987100464501623,0.10842020138265664,0.06921863134744918
38,ISIC_0014581,488.0406814537816,15.441586694991406,17.002799909306617,24.502908127784455,1,0.7946191129881245,0.1154267465646362,0.0659387997745177
39,ISIC_0014582,483.6719795100841,5.725365180559595,8.389782099104607,16.055629076016512,1,0.8308182555369723,0.09096273449321951,0.056591512992607715
40,ISIC_0014583,565.4063339536171,17.186411908047667,18.996673935218283,19.25556747083731,1,0.7542824195816729,0.1349882542687844,0.07779842533182178
41,ISIC_0014585,624.0984050616557,11.83133299112707,16.98115669571076,20.015284284083577,1,0.4296524412134267,0.2440222431640041,0.2602895201340274
42,ISIC_0014589,538.8379042215172,22.745177015474273,18.057830731498182,13.469427965407517,1,0.6383741641147429,0.17523123554777825,0.141319292544216
43,ISIC_0014591,469.31117646739665,16.827817392805976,19.086985193076778,13.989583058399841,1,0.6405987586710478,0.17697456492637217,0.13693562127297068
44,ISIC_0014592,510.2790876087418,16.64832083911401,20.45199987736025,23.627464603565592,1,0.6767080632897643,0.16872442883522215,0.11482131865744596
45,ISIC_0014593,662.6753848022706,32.501074914782826,33.026987482540946,30.041219073650282,1,0.6792074070027858,0.16512900347772258,0.11634620636914841
46,ISIC_0014594,532.8678927757002,30.681410324577072,25.505009250584006,18.611925831365504,1,0.7843588671689825,0.11553332226558202,0.0729451486245652
47,ISIC_0014595,581.5900485764046,19.719027529417506,17.866117307503217,13.407422140337218,1,0.6935668352002435,0.15857279862637436,0.11184344580074279
48,ISIC_0014596,544.5828629945538,11.922039908826827,11.647305573591582,10.373088644455562,1,0.7377695775145837,0.14833392257380235,0.08029874491780095
49,ISIC_0014598,598.5202158596818,16.30384659801216,20.061335136355133,27.16474340998399,1,0.7410864947491711,0.1367448831715403,0.08838564310245568
