,ID,compactness,red_std,green_std,blue_std,lesiontype,flatness,cornerness,edgeness
0,ISIC_0013200,551.8666479362785,2.1759722027039192,11.382237525837121,14.230149108671275,1,0.7023706340716813,0.14235642802480986,0.11597799753930974
1,ISIC_0013223,572.0738015178183,4.854216414970463,15.431062196332253,16.6229825808347,1,0.5871986245164316,0.17841909565562414,0.18751935025234232
2,ISIC_0013236,916.1188562435885,6.588547068945253,9.208740118801394,9.618453814751351,1,0.5763313792039494,0.20873187287874115,0.1628478864547979
3,ISIC_0013268,403.21716025342084,3.4174468663279023,5.375201416430131,7.1808454295020585,1,0.7491657867250843,0.11259479370682972,0.10806446760071808
4,ISIC_0013316,672.5739791388883,14.46931379850666,13.382520745596919,12.240235903742205,1,0.44074942355103197,0.22235604732865435,0.2735891960032871
5,ISIC_0013333,623.7554587040536,3.3122980493748266,9.477390932088758,10.344046651034441,1,0.684397566778925,0.1623100607749992,0.1145868327313212
6,ISIC_0013335,664.2044213802227,5.464586460163301,11.372666582016357,11.468492195864883,1,0.7435957405423574,0.11602444351858326,0.1099106256673399
7,ISIC_0013341,410.54445784499023,15.573374858294095,16.48782508354946,16.04825239325677,1,0.4560922828805598,0.1915876609916218,0.2953915507587734
8,ISIC_0013360,382.8666358394706,2.82473329757587,8.425419340052382,8.720418682788836,1,0.6026385891689788,0.16173808563952982,0.190052724355174
9,ISIC_0013364,568.3551286619318,25.16570956717137,23.396907445509754,19.556470753735667,1,0.6865774243592483,0.14925946225471526,0.126283129116464
10,ISIC_0013370,545.849788141842,3.2883807571081367,9.00557658547757,14.080466297024634,1,0.6262669638759588,0.18495377958434406,0.14406346292532618
11,ISIC_0013371,722.8865225253325,2.105898934475266,13.188115416536975,14.820701572503177,1,0.8183409387291394,0.0924407335619502,0.06613754391564836
12,ISIC_0013397,401.55662220148673,22.706315085801688,22.836486263503915,17.688575826191098,1,0.6754712059569741,0.13269861584422993,0.15426412304274068
13,ISIC_0013400,430.4018529043491,15.150694311673082,14.395491063434791,9.349500751273428,1,0.8249461331161343,0.09135865059560047,0.05995846484056025
14,ISIC_0013409,408.1214209093757,15.692812514499838,18.44269219185783,15.095461109102313,1,0.540499844094743,0.21060629383601925,0.19694780923511698
15,ISIC_0013443,402.7976868962906,12.358834346739421,17.485521099617703,23.27420222621034,1,0.5804388682622208,0.15702456214897584,0.21739348996111732
16,ISIC_0013458,568.4783370638064,12.822519017271018,14.603667910436833,11.808034550917178,1,0.6295990437081198,0.17122753034605248,0.15428879562277756
17,ISIC_0013474,1878.7793985040914,12.218956386532863,13.049469915118722,11.690975169043762,1,0.676643987892749,0.1516218894811561,0.13081723943963786
18,ISIC_0013493,2000.0570320243583,9.720605639189454,16.048117692576223,17.268350385808404,1,0.759822181821851,0.12484826097313907,0.08213671362771106
19,ISIC_0013580,548.6921965534234,7.556237170135058,12.847304671407539,15.984401790148508,1,0.6079333016203496,0.1945913276479767,0.15390219072372247
20,ISIC_0013584,426.9152137941804,5.688693881272117,8.222687662398362,12.128999434506913,1,0.7322153552488815,0.1375496114337827,0.09719564126757145
21,ISIC_0013585,806.9234928318793,5.417628765297134,9.378124139340846,13.616465979329918,1,1.0,0.0,0.0
22,ISIC_0013621,716.6488122599571,3.700812592908096,9.711595741135302,10.591127287665014,1,0.544229776703187,0.21576234596317212,0.18579371394887834
23,ISIC_0013625,588.1445086154793,5.684816245161619,12.017642275567123,13.14017231965834,1,0.8336326176534374,0.09359977693094154,0.05007280726213712
24,ISIC_0013635,666.1497123025708,5.296695065044243,9.859307074551554,9.930266898373835,1,0.6976230717377074,0.14273415136920056,0.12047914692406139
25,ISIC_0013667,732.1188373656558,5.959147529524696,16.731452934034643,19.722641424662452,1,0.5872841484851619,0.20961573260262642,0.15489801985316926
26,ISIC_0013680,396.2758078276375,3.7874845612415298,4.886553289418454,5.940173670217592,1,0.5171111111111111,0.21371957671957673,0.20776984126984127
27,ISIC_0013682,644.8415193983943,2.550552587062492,13.405630462351073,12.926881563935641,1,0.8077420787321808,0.10125310935564784,0.06796869308187883
28,ISIC_0013684,397.7632246922303,7.01314366310311,11.954625595617621,12.645912528417277,1,0.6421972896106416,0.18236353991152326,0.1325118191017249
29,ISIC_0013685,505.19385045605986,6.709926080905754,13.842905175404686,17.556385355575067,1,0.6994067526736888,0.1343019154262589,0.13286203171401015
30,ISIC_0013687,501.6629816674185,26.041220265833367,31.27863426421977,24.28980085040202,1,0.5646349006290189,0.1679795539684207,0.21931636499433999
31,ISIC_0013691,590.6786081117182,2.943267587221951,6.759566562697163,10.791821731072856,1,0.75622227269988,0.13132329240007354,0.08131796134132528
32,ISIC_0013706,441.3457827790983,1.1915708802320135,11.133163644087851,12.3644463745456,1,0.7144333780832501,0.146685063854689,0.09866782939954791
33,ISIC_0013707,488.4612716637135,7.411479300152193,12.311738836687335,11.139707437906065,1,0.5613787868368054,0.20577261102008662,0.18083552329880992
34,ISIC_0013709,440.16482929630877,11.774113044319845,15.401817744901388,18.721781675250103,1,0.6484779562577423,0.17625188206590642,0.1322560712037389
35,ISIC_0013725,422.3672430994167,13.623999593244196,20.171385574161814,18.472244822278896,1,0.7679684380708341,0.11209210899046211,0.09249963212579526
36,ISIC_0013731,603.7365694901747,10.080682132330102,24.962375877117307,26.353839575968944,1,0.5839527410821513,0.19253392767625624,0.16999722303367343
37,ISIC_0013742,507.0038696715078,4.392197686957895,7.977393412790035,12.821227949338772,1,0.44458459390272287,0.2546660460786595,0.23082615778450083
38,ISIC_0013782,587.2367467566132,3.107178996403821,7.423195243755964,8.281950600169777,1,0.8529550344295145,0.08053611267221852,0.047145444120869455
39,ISIC_0013876,580.8035702742974,30.154595063955156,26.25888978464838,20.71608787922814,1,0.4662524661659341,0.22389325395451873,0.24755546710048112
40,ISIC_0013910,509.6045165439133,21.497767688305753,21.49079984192277,19.594470893318153,1,0.6316943521594685,0.17152349311817752,0.15306122448979592
41,ISIC_0013918,540.7827271209211,3.304447965444352,7.961229995219458,7.2741456472805535,1,0.8118952141813139,0.10288948019338155,0.06112006396082399
