,ID,compactness,red_std,green_std,blue_std,lesiontype,flatness,cornerness,edgeness
0,ISIC_0000132,527.6585516660574,13.238000473676992,19.740944334226192,19.883580064856687,0,0.5956479045466335,0.1848853151517397,0.17017452847667394
1,ISIC_0000133,392.4929142646244,19.626321570681778,28.992339986747613,29.795737714229,0,0.7155362818509939,0.15525956652121603,0.09730153172080662
2,ISIC_0000134,433.9970641899167,30.885876148701083,35.91203842230439,34.19760672718147,0,0.6187960186647269,0.17957880169614818,0.15789436332345688
3,ISIC_0000135,549.5302539298843,49.64200006364359,42.50187171823602,33.93376350356178,0,0.5331813380735244,0.20372259576989463,0.2099904680938764
4,ISIC_0000136,447.1882914967188,68.3421431360942,63.929974025752934,59.645779114705306,0,0.5153736683895084,0.20088879310665145,0.23201327244555583
5,ISIC_0000137,603.8539470777291,16.898602598030514,27.039116270465787,28.62263450045645,0,0.6471750106485762,0.18041025587749462,0.12999833778322614
6,ISIC_0000138,403.42717371008445,34.10247210036785,32.118930164957455,30.513843110756294,0,0.6181263713037702,0.1634171380261277,0.17831075504740432
7,ISIC_0000177,389.4239885539857,44.14470655960082,29.10584169789301,24.139140683971362,0,0.3066311025601784,0.2539080434640023,0.3629725179824657
8,ISIC_0000179,766.5522648191425,35.598064705608465,30.962912977740455,29.922233388243015,0,0.43049382424485744,0.2559604499759897,0.2490124302324666
9,ISIC_0000181,395.72861910252533,46.13485612496973,37.15647149625262,23.64878957204966,0,0.48673028575475374,0.23819092808328318,0.21601572182288162
10,ISIC_0000182,380.79780759687117,16.62924208411231,24.449965813492373,33.86185019491212,0,0.49687487360309107,0.2334125618898747,0.21017932301220785
11,ISIC_0000184,408.74436573338164,43.246892870429,37.09501505327471,27.798533801125135,0,0.42425540122195593,0.2691506784830486,0.23967074530161522
12,ISIC_0000185,428.64373223522455,18.186954715009964,16.1355305774659,15.353528822194786,0,0.3649797570850203,0.27069714624271746,0.2895033079885455
13,ISIC_0000186,357.6481756974032,31.997662110960412,28.608100147153824,27.918570070450414,0,0.42302820955670695,0.2511993859144118,0.2579671208341329
14,ISIC_0000188,433.2777365050058,14.50861027893669,18.605726206055117,23.95483215785662,0,0.4864428525018033,0.2507155482382481,0.20154617887880005
15,ISIC_0000189,413.42681514917075,23.748075994952625,29.763082471672412,34.55008070620075,0,0.4788328735732389,0.24672926876350482,0.21218187818744513
16,ISIC_0000190,476.1095473222242,44.57239161146012,45.524402814933005,40.81304828417571,0,0.5397588824392422,0.24450681465416427,0.16252259148221387
17,ISIC_0000191,413.89952611652853,41.11233890007705,34.911316524900236,24.60932257818005,0,0.4931096668821668,0.22052954701224461,0.22701885545126216
18,ISIC_0000192,429.4623613254464,47.164831909470685,42.277774915368994,27.826442974877533,0,0.5108571483541722,0.23985652066213092,0.19293353438718258
19,ISIC_0000193,431.68756747622325,41.33299283675807,37.736751759764914,27.835996458933543,0,0.3742154524571875,0.2664013808915183,0.2890165540080552
20,ISIC_0000196,667.3031622693156,41.08601479189841,47.25033435517723,50.71882448525043,0,0.3485175939960208,0.2667391153363756,0.3150536624028173
21,ISIC_0000197,698.0842772992607,40.835753674474766,43.133089841427385,45.50554748203092,0,0.32465275848966885,0.2710294702553289,0.33242972400660376
22,ISIC_0000198,383.9594791952,19.192869578055266,15.04689250419634,12.765011352997448,0,0.4057010887495876,0.26077202243484005,0.26647311118442757
23,ISIC_0000199,431.40521680213544,51.02856866469297,31.761113214104082,19.40422280207055,0,0.37866592973850566,0.2900013817403019,0.25970672562091957
24,ISIC_0000201,390.1242262582605,49.18259103394243,44.07667592956233,42.09122118255488,0,0.31675647388776684,0.2525449921912689,0.35774617944545745
25,ISIC_0000205,408.34501903511966,25.633840633240588,47.442428714891285,54.0171228549627,0,0.39783431036600403,0.2630675937765701,0.2730181883272128
26,ISIC_0000206,721.5439960216164,51.18193991835824,52.3040978331647,45.12242503982315,0,0.4684930884646248,0.26148768338657663,0.21047252797165744
27,ISIC_0000207,448.88708848807994,23.051745179993283,29.959975711717682,36.19536735215603,0,0.43394010384189763,0.2774558261492779,0.2274986857953819
28,ISIC_0000208,453.35861214389075,23.24545664610309,32.63937907663099,39.26577636937006,0,0.4294786885447362,0.26060744911224576,0.2451995790113086
29,ISIC_0000209,415.14053131008575,34.05608128182622,36.56315942438661,33.34328148088089,0,0.55020189236425,0.23814689499014216,0.1591850263880638
30,ISIC_0000211,358.0791231300269,59.2184051579633,50.463330320886385,41.64333733915814,0,0.4134351914772354,0.2788311887590697,0.24055766237751813
31,ISIC_0000212,398.55005395706894,44.32861788872472,47.44540424546915,53.72031777959917,0,0.4411435604789079,0.2846816605124762,0.21194285927417852
32,ISIC_0000213,514.3737871155342,28.65816151864701,37.74543693895236,44.62270637978172,0,0.45338968608337027,0.27685333515116395,0.20884147380619655
33,ISIC_0000214,610.5592031699089,51.155114937223644,50.13859455335635,44.4624592507694,0,0.39505354611790644,0.26274345109979524,0.27642527166780406
34,ISIC_0000215,426.6084685806534,24.962776988843547,43.53774204732146,58.5597421843097,0,0.48670829428550366,0.252360243869052,0.20425612568311763
35,ISIC_0000216,466.84754851852955,39.28038941605232,32.19758598480612,24.915535303870765,0,0.2992414664981037,0.3056071986316651,0.31923105525396
36,ISIC_0000217,444.4442202887634,26.849886348361593,38.73557199629582,40.92207733978716,0,0.5228908910030966,0.25910689515055557,0.1636733035351483
37,ISIC_0000218,419.7067722502693,43.871583972821206,48.80741153056374,51.2074651134815,0,0.38861227922624053,0.28403700588730024,0.26382394168769274
38,ISIC_0000219,484.32685068449985,31.947545874935464,39.38475391391104,42.94069302151179,0,0.5288965708767,0.22767007796664968,0.19120688726130225
39,ISIC_0000220,429.57709374277596,26.836632156413412,46.78985405031458,68.37460406341545,0,0.599052178892097,0.21358868462409997,0.13938330714033356
40,ISIC_0000221,371.7207174399256,43.54073886603645,46.50716218352207,56.02192463820398,0,0.3574844925692534,0.3079691922329714,0.25844403025551516
41,ISIC_0000223,664.5442098946249,26.656664509371627,31.691168978526434,30.49126598658317,0,0.4545278734341468,0.26295415980436193,0.22018640515047164
42,ISIC_0000224,439.9946086657422,40.73363423230417,42.493867106352496,38.32580746412264,0,0.43917505443052474,0.27865763799503795,0.21828705739389043
43,ISIC_0000225,440.1121587182162,51.64811586597549,45.953170461193906,39.24451656793807,0,0.33415041124614225,0.30001033652781267,0.2941775815478212
44,ISIC_0000226,400.15598435433833,44.94961517958493,46.833809563323314,47.92823115589855,0,0.49247419117119584,0.2669477432355761,0.1842355825980344
45,ISIC_0000227,421.06846713110326,56.21794782246648,40.67459684637367,33.13376455285165,0,0.3352906059823043,0.27711594835651465,0.3142179968101505
