,ID,compactness,red_std,green_std,blue_std,lesiontype,flatness,cornerness,edgeness
0,ISIC_0000229,549.7662403530487,42.1792444659116,39.782982996118385,39.12628932048096,0,0.4158492631963137,0.2506463190230698,0.273457578660827
1,ISIC_0000231,471.52370468232846,32.24714361248811,31.213076701342782,25.47281130744176,0,0.43377477327718367,0.2799264882436601,0.22373062928279863
2,ISIC_0000232,427.80346325950717,33.457964132362335,35.63263303481292,36.976086144428535,0,0.3849338353560462,0.2935279280596578,0.2560681386167568
3,ISIC_0000233,476.9166804860107,22.60826790656431,28.168977396597988,28.311795781083294,0,0.485335860281087,0.2663202906277724,0.1892577378780978
4,ISIC_0000234,379.92569568561987,19.528425462060486,35.079866406779054,50.67101566664583,0,0.48214369515228306,0.2568831515755351,0.20200204319590495
5,ISIC_0000235,382.20135253287395,49.066553228774275,37.40642135261916,28.51726521315807,0,0.4249067053783462,0.2770278266495199,0.2325343789694593
6,ISIC_0000236,497.96059247552745,37.97701806578897,40.71009813302562,37.93333297050961,0,0.3023804171088885,0.24617946452378583,0.37314985700766984
7,ISIC_0000237,426.20012175579865,31.313499910312334,38.99334844541116,43.62600412485065,0,0.46647517835653374,0.23794778782727433,0.23405480519570082
8,ISIC_0000239,402.0108487479171,64.35794904169741,58.39573115336976,56.30078488258028,0,0.4177861879067011,0.22871263289169866,0.2952665242569795
9,ISIC_0000240,402.8164021486295,22.58703599207366,34.79571229330941,34.49055642344143,0,0.4436342121806013,0.2669822135118145,0.22818474281699513
10,ISIC_0000242,648.7500956827699,16.394430619856344,26.978311372314366,37.90043136182566,0,0.5126231065340199,0.22763014119310676,0.2002771012919491
11,ISIC_0000243,518.4025277000136,18.789586881796115,25.35689510329995,29.88802809162253,0,0.42258687058384087,0.2606117515226346,0.2516938337189637
12,ISIC_0000244,623.8600265351668,15.611039547620097,24.811381817061466,30.060360882965586,0,0.5265298253165465,0.23011496108181786,0.18853348398436096
13,ISIC_0000245,396.4518758235188,12.656528983722856,17.95317396490592,27.445562798028018,0,0.5909488356871848,0.2105299489686346,0.14960166900176922
14,ISIC_0000247,368.845476010179,9.234807622820368,17.527853813109555,26.950550285889534,0,0.5654510597966569,0.21918619679476134,0.1639346027916595
15,ISIC_0000250,430.53639741024665,24.508857449598946,29.043551596821743,27.394626012426095,0,0.4858869899446077,0.25038619717046884,0.20517565347822012
16,ISIC_0000251,375.85270428305176,46.008308467952546,40.895801706153684,41.519320184497175,0,0.5484371271772847,0.22230971128608928,0.17660462896683365
17,ISIC_0000252,524.9160011251427,26.292784590731152,29.420062280427295,25.878277507399698,0,0.6523003701745108,0.17858716728362417,0.12820597567424644
18,ISIC_0000253,405.8051010946176,20.31264024162243,26.06047488240771,26.457574523850454,0,0.4565130165923199,0.2461941513842668,0.2352427482357384
19,ISIC_0000254,381.52485960265994,23.152255778648183,35.19131090300163,39.71358926040028,0,0.5585295860549041,0.23443128324977197,0.15866674656599353
20,ISIC_0000255,508.7672155192241,11.2143735203426,20.433586237132406,28.460822366324305,0,0.5144862894155063,0.2477342952074364,0.18183816209647186
21,ISIC_0000256,432.9102601420928,36.9551020822251,28.56965288985836,24.010483783757763,0,0.461611289746338,0.22765273311897105,0.24926759556984637
22,ISIC_0000258,430.690981983622,21.49973092378012,33.72770823820949,42.848046302202064,0,0.5556387165887928,0.2355271904695862,0.15723652432579782
23,ISIC_0000260,496.49525510475667,23.175748156985446,22.41643126779626,14.976624150511283,0,0.4460675396712838,0.23347358136749713,0.2533052837265006
24,ISIC_0000261,388.73233273274377,18.182112312109886,23.6781016100689,22.646717132514684,0,0.43883113492928766,0.25590037314005804,0.23888641493788676
25,ISIC_0000262,461.0315087581792,15.991412925759573,20.76167438204972,22.64454645270517,0,0.3910210511241587,0.27316339682085067,0.2713733352427324
26,ISIC_0000263,470.40067318300424,37.89001051649016,65.0506740142961,69.81558952807109,0,0.5027220132893102,0.2508254321380017,0.1944253167834925
27,ISIC_0000264,452.73624279419033,13.313798378603247,26.895632422761825,43.394225683824175,0,0.4988503861591256,0.22425010517180707,0.2230356684561308
28,ISIC_0000265,440.89052682172684,25.23125198512677,25.495381778899283,22.722488837436106,0,0.5025934510256385,0.21843188106882858,0.22102022687591258
29,ISIC_0000268,420.20312346014026,12.442052383801347,15.296776469389602,19.41414084087085,0,0.5755804498844483,0.2106843548228245,0.16402848367273554
30,ISIC_0000269,409.2472696938366,22.601382902865083,27.19176661200331,27.09793165418536,0,0.5203386039064248,0.2520574072547888,0.17461177107738676
31,ISIC_0000274,417.73744852654306,47.341906184022996,45.91988392267796,44.75128147616316,0,0.4915709210280277,0.22001205044565872,0.2299723670815067
32,ISIC_0000275,398.9685321859809,15.901611099203546,30.232949004023013,41.254679278816425,0,0.5642317744054752,0.21821620919185064,0.16713112031996766
33,ISIC_0000315,389.1804223021425,36.515732067071376,28.1744947224462,22.379158919248766,0,0.8380080606598812,0.09070291686590615,0.04851424277614591
34,ISIC_0000316,394.5502913861981,6.261080876187709,26.09234553513277,39.32671894618439,0,0.903100335661798,0.05796969971876984,0.021920076204300098
35,ISIC_0000317,315.5375070568132,36.47181845151335,32.869218570965096,26.812970124325936,0,0.7319621500854252,0.12564068865816794,0.10993560257589695
36,ISIC_0000319,402.32180188491435,40.20375697680408,26.40446948527224,18.100885109003045,0,0.7350517856624793,0.14093823435550784,0.09359134294583539
37,ISIC_0000320,381.06750345638704,15.916974040446187,27.28796648655891,37.91095387196627,0,0.8579540809588792,0.07772027242027682,0.04465504122148925
38,ISIC_0000321,383.5718996141122,32.40766124062887,27.0205429192723,24.128778044997325,0,0.8731325881822563,0.07436483384374627,0.035469813090407865
39,ISIC_0000322,441.3849713216665,40.218800474119156,26.898951068111145,19.956086749824458,0,0.8620533068569273,0.08031433035473766,0.039021912304601815
40,ISIC_0000323,356.58723807624375,7.164922751797813,11.87516209652271,16.742342664341177,0,0.8777579169223381,0.06872448843475709,0.03438892297841688
41,ISIC_0000324,386.1240694016985,28.656706916510895,22.084588543174807,18.5506198028712,0,0.8449433164670467,0.0921795939281368,0.041362966758470496
42,ISIC_0000325,402.23549913474534,37.49787044084627,36.42744298676115,34.63078722240246,0,0.7592431771763078,0.13507341470867304,0.0755455846641257
43,ISIC_0000326,439.18329496102973,30.65468447862458,30.022518986072665,30.41576985047755,0,0.7381481152468095,0.12537384146160907,0.10318024340410412
44,ISIC_0000327,376.9017866822316,40.19165613794029,34.491557801473036,25.173057407822096,0,0.8129025920260465,0.11134344695959697,0.053805240186929004
45,ISIC_0000328,403.8888110016993,4.1991724174024405,24.378790615368757,38.07066885829791,0,0.870680428340155,0.07599219048336175,0.03262032948415238
46,ISIC_0000329,362.1407146194443,33.89519351091271,33.812003627910165,32.48031196895232,0,0.7896152161104648,0.11894006919160637,0.0646291903977762
47,ISIC_0000330,384.19036542860505,57.29432208993141,42.24043933738203,34.12398017661908,0,0.7618573754814031,0.11791465274367392,0.09388973610070045
