,ID,compactness,red_std,green_std,blue_std,lesiontype,flatness,cornerness,edgeness
0,ISIC_0000071,404.342780037173,4.862806105629577,11.875060020591102,16.18667903611014,0,0.5329030022094182,0.2144724111539517,0.19559849239700214
1,ISIC_0000072,426.58969183467934,42.90773597073372,37.99700084303575,33.950214178876614,0,0.521529941884949,0.23000715910048009,0.19192706139981472
2,ISIC_0000073,473.63644609625015,39.71252715395408,37.33371904281686,38.139659417433236,0,0.4188709574440117,0.24317117414867367,0.2682405609533503
3,ISIC_0000075,461.31701322906355,12.80784758706509,22.286774251169213,25.61609403992379,0,0.5093507589760009,0.25801233738827434,0.17678392106067442
4,ISIC_0000079,621.9709751179586,13.653704739153733,22.558493742403524,32.18101271977476,0,0.5307279024182163,0.2310559510872325,0.18051817470876794
5,ISIC_0000080,555.5503245487732,44.26392050515128,34.993207872929766,21.991762797025956,0,0.7634081539166284,0.13421141979467002,0.07231386920320121
6,ISIC_0000081,827.5395771899598,7.432311263250508,15.65771110736758,19.777596373546146,0,0.816836199812994,0.08872864307369732,0.07002521746521974
7,ISIC_0000082,572.5917182055384,35.27586461824921,39.9978619861847,32.633114565859756,0,0.6662081239919168,0.15441517269508148,0.14248070351075598
8,ISIC_0000085,741.6181991877081,29.434112597318205,32.61029335233186,26.87246031145285,0,0.6505315834957895,0.17177733786200938,0.13891763972908333
9,ISIC_0000086,669.5613464294686,21.86433294997035,27.138613900213237,24.390073042837557,0,0.8182124007023786,0.10531430760748695,0.05168191120365156
10,ISIC_0000087,602.2207240562431,28.698620620417287,32.88788034684975,31.590759998179088,0,0.7362654360559135,0.13009341248814044,0.10253040062401825
11,ISIC_0000088,758.0592677333435,46.46362640336472,41.34113993100654,33.52876018194067,0,0.6570091459932467,0.16120435423079063,0.14355665800779593
12,ISIC_0000089,664.9723678905295,46.977433175231724,37.14358380059241,27.330342068678757,0,0.5424182361366034,0.2035855394935628,0.203273958363335
13,ISIC_0000091,391.88706385823014,4.650138591601206,8.074881511863515,13.317275657769805,0,0.8936404243568443,0.058877085793381384,0.03353445068619453
14,ISIC_0000092,460.32668215657725,7.073311468645476,16.117357387696607,14.229106032690906,0,0.6672093159685557,0.15868825530916345,0.13496568109820486
15,ISIC_0000093,454.7254306352013,18.083199726383754,23.728390754567283,21.543798147568356,0,0.6755276140478339,0.17400717156684672,0.11392186273246072
16,ISIC_0000094,426.10197023303,9.831741107975798,17.36077105056018,19.865290180858157,0,0.7492619689385188,0.12829439952081462,0.0911628802464382
17,ISIC_0000095,404.8348436152714,34.41856578286415,36.00806391632679,34.63879332915962,0,0.5512467076023152,0.1934147950008807,0.2084318151095964
18,ISIC_0000096,427.4665794889717,13.352306404964974,23.723306327729144,30.769539282988415,0,0.6242839878105899,0.1744542810387598,0.15444352567698064
19,ISIC_0000097,793.7589860574202,31.91316385438435,24.380213118601173,19.06578517809453,0,0.5511866920538409,0.19307315438278422,0.20274244817335058
20,ISIC_0000098,479.18169781160924,35.198011169141864,16.830609050956436,12.679244782049937,0,0.6349589639659063,0.14887959409541057,0.17475169965360124
21,ISIC_0000099,439.0048894766417,20.191833112644556,30.76844998260946,33.12990918205103,0,0.7596186386565353,0.11263808185939596,0.09874289636677097
22,ISIC_0000100,410.6563789018777,41.58891580453652,49.02001226744987,47.5280201791229,0,0.643672011750738,0.16425088710428912,0.1508791265517202
23,ISIC_0000101,549.1550765614835,16.776850116600908,19.702436569948144,19.371897838268893,0,0.5448153814810228,0.20457641405042207,0.19939718847747145
24,ISIC_0000102,388.2984100982347,22.97756579566241,17.83494445859703,16.676670397277636,0,0.5358476008940627,0.1963647503318697,0.21577770970194132
25,ISIC_0000103,432.58727991943977,49.94245754662037,43.3248148604638,35.93004374248342,0,0.6570985259891389,0.15061255495215928,0.15435091802430825
26,ISIC_0000104,413.9522427401023,20.962090686938147,20.226765436250943,17.804199090181132,0,0.4652365722292535,0.21906938727302744,0.2556145053074909
27,ISIC_0000105,708.04137719535,34.76121580096833,32.21288453847091,24.81495175308174,0,0.6822779262275381,0.16878030849274006,0.10820149580806153
28,ISIC_0000107,691.6590672732762,32.662366945116666,37.62985043951753,31.108656852953157,0,0.6225533504107295,0.17680863280472375,0.16154427043488132
29,ISIC_0000108,561.3996883019339,37.498874032068784,35.46748085830702,26.989747657437537,0,0.49741083186911805,0.20159407482799052,0.24331475413218168
30,ISIC_0000109,1096.8193365400552,17.53192639666797,23.48169606934798,27.94295069831138,0,0.6127534716064753,0.17588296605660972,0.17209197540470408
31,ISIC_0000110,413.59822855017256,9.942022741457642,22.385510878783524,23.0613455028013,0,0.8201723496927508,0.10440123443729427,0.05138148767225146
32,ISIC_0000111,462.58983007841664,52.751011020227935,53.14637787219495,51.86162418460664,0,0.5195778087393612,0.19166052505382375,0.23637287336214133
33,ISIC_0000112,415.4250775092595,11.468010654342283,21.66338381581357,28.75254791810131,0,0.8091229096214404,0.10277972987207362,0.06506841238922192
34,ISIC_0000113,400.7829707096801,16.441942984317656,19.36882827592557,15.448409249273993,0,0.7551068726411445,0.1392285185105782,0.07276809974469133
35,ISIC_0000116,522.2921801274476,14.248774935494138,26.943733041668438,33.73720095588642,0,0.7429968718332819,0.13090188130589944,0.09443010089439133
36,ISIC_0000118,418.5839042126849,23.473467867942595,29.390729008010176,30.22894720510748,0,0.7962980856565313,0.10984381461827149,0.06894032798543662
37,ISIC_0000119,675.6833010273098,35.15597373336772,32.04618082656373,30.010219218341202,0,0.5709926711723272,0.18158762749403523,0.1981045807549358
38,ISIC_0000120,583.170584122365,19.664063177795015,32.147603738582596,28.28650210677458,0,0.7109021730068139,0.12840067608025044,0.12693482495433428
39,ISIC_0000121,405.07684524928055,5.109592841396532,8.522390969229967,10.420789964237915,0,0.7611353495232855,0.11490506653934292,0.0933707462163281
40,ISIC_0000122,415.5575754489904,10.692883567476601,23.515362895428385,27.673096340143672,0,0.7389635832883754,0.1287338823901411,0.09870879832838117
41,ISIC_0000123,436.8201171104244,33.81738185809791,28.94515764713157,25.553280812855043,0,0.7491364899659027,0.12578533830678762,0.09492220315617816
42,ISIC_0000124,750.410151662593,29.993439840454553,30.2528270258285,27.33037833049238,0,0.5450482173206757,0.2170617817537449,0.18997718245584383
43,ISIC_0000125,362.9574236088144,23.46353785072261,17.958229860815557,15.078035269579967,0,0.4498312365756367,0.23786437557532986,0.24912549861920835
44,ISIC_0000126,413.3315968714429,41.43696524358151,35.66504272663429,32.19853582270881,0,0.6303077434521407,0.18013083845843328,0.15015790848431604
45,ISIC_0000127,446.7384853470999,21.169973413724275,26.455650504178397,31.279258484790347,0,0.7959492814927571,0.09093726620988078,0.08792621630178417
46,ISIC_0000128,494.9010812085465,25.57310166524824,30.23784536392706,25.848971265497322,0,0.6082699782691954,0.18664793345761013,0.16333016646177217
47,ISIC_0000129,510.04628467020376,37.130639919189214,30.580177036149664,25.36063261605245,0,0.5495570063353785,0.2020044213147376,0.1980004069540866
48,ISIC_0000130,470.2572911938862,53.20203425364376,38.958995450395264,33.50852905958867,0,0.5003991150728017,0.19386751624166876,0.2482537838774345
49,ISIC_0000131,447.18652993002854,20.079169308059807,20.783618934053294,23.59187784202705,0,0.4171185693642505,0.22893756928935974,0.2845814523663659
